1 2 1 1 28 28 2
1 5 5 1 2
0.00782476 0.0255967 0.0215317 0.0326763 0.019489 
0.00619792 0.0120403 0.0301176 0.0321115 0.0197296 
0.0167701 0.00970463 0.0269371 0.0276918 0.0163432 
0.00762663 0.0131846 0.0355013 0.0214107 0.024117 
0.0113982 0.0192857 0.0205263 0.0303449 0.0255648 


0.00154599

0.00878954 0.0150341 0.0326815 0.0269789 0.0103959 
0.0236881 0.012179 0.0194723 0.0182633 0.00320318 
0.0234205 0.0234963 0.0202301 0.0205736 0.0111718 
0.0253742 0.0140376 0.0217871 0.0175431 0.0193133 
0.0258737 0.0188835 0.0295433 0.026937 0.0226195 


0.00156931


2 2

2 5 5 1 2
0.0161801 0.0191771 0.0443103 0.0351793 0.00621352 
0.00740234 0.035535 0.0581102 0.0404849 0.00430983 
0.0168851 0.0373434 0.0591362 0.0342808 0.00818711 
0.00900913 0.0493424 0.0537933 0.0437391 0.00377475 
0.0118003 0.0350481 0.0481622 0.0214303 0.0149996 

0.0080178 0.030685 0.0396395 0.0372596 0.0266586 
0.00815343 0.0213615 0.0425819 0.0532441 0.0158016 
0.00685949 0.0273267 0.0446336 0.0550736 0.0166649 
0.00691851 0.0377579 0.0608657 0.0489427 0.0212465 
0.0106412 0.0199309 0.0463202 0.0403965 0.0199896 


0.00207073

-0.00914801 0.0242789 0.057706 0.0559716 0.0179676 
-0.00463167 0.0266813 0.0730491 0.0644297 0.00661374 
-0.00209731 0.0426774 0.0776801 0.0557236 -0.0053394 
-0.00592436 0.0603229 0.0739597 0.0387798 0.00776771 
-0.000548971 0.0439844 0.0643526 0.0441659 -0.00795588 

0.000562724 0.0202562 0.0457249 0.0479922 0.0247251 
-0.00511365 0.0233944 0.0697565 0.0675084 0.012331 
0.000149436 0.0303025 0.059269 0.0525119 0.00856513 
0.0013159 0.0398937 0.0667142 0.063396 0.00385512 
0.00797371 0.0442562 0.0459876 0.0498658 0.0146551 


0.00252321


2 2

2 4 4 5
0.144511 0.0540879 0.00469712 0.0880496 
0.150595 -0.0470746 -0.0581516 0.0823576 
0.130416 -0.0889394 -0.109716 0.0847082 
0.107816 -0.0174167 -0.0282217 0.116393 

0.144631 0.0339779 -0.0246561 0.0924638 
0.174448 -0.0712458 -0.112306 0.109171 
0.155939 -0.12803 -0.150826 0.144676 
0.102205 -0.0816849 -0.0458819 0.14712 


-0.000213559

0.177716 0.0508224 0.0101951 0.114959 
0.18661 -0.0646339 -0.0767552 0.105731 
0.159084 -0.0963877 -0.15374 0.125766 
0.149848 -0.0319832 -0.0529018 0.147825 

0.19569 0.0586108 -0.0256906 0.115778 
0.23618 -0.0902515 -0.13971 0.13753 
0.185721 -0.152362 -0.193247 0.176388 
0.136859 -0.104785 -0.0693444 0.207643 


-0.0076213

0.13004 0.0312762 0.00296152 0.0798651 
0.125303 -0.0468684 -0.0489505 0.0802033 
0.104425 -0.0693369 -0.102363 0.0740276 
0.0928966 -0.0317716 -0.0344743 0.097464 

0.140923 0.0322943 -0.0233791 0.0914746 
0.154677 -0.0485569 -0.0855183 0.0919004 
0.135066 -0.106347 -0.144381 0.133193 
0.0910269 -0.0713879 -0.0402123 0.149635 


0.00119361

0.134279 0.0349093 0.00743767 0.0959929 
0.13153 -0.0469323 -0.0567451 0.0770568 
0.127862 -0.0776781 -0.115049 0.0813227 
0.10475 -0.0173024 -0.0406899 0.111071 

0.133094 0.0416492 -0.026545 0.0888661 
0.167631 -0.0638843 -0.10714 0.0884047 
0.147903 -0.124152 -0.153584 0.141792 
0.106462 -0.0705808 -0.0408049 0.142878 


0.00367718

0.131057 0.0365286 -0.00126835 0.0722468 
0.12993 -0.036155 -0.0597299 0.0742587 
0.103855 -0.0653343 -0.103973 0.0839831 
0.100414 -0.0169804 -0.0240851 0.109425 

0.129624 0.0300792 -0.0291942 0.0897976 
0.155863 -0.0601317 -0.0845678 0.0844591 
0.127657 -0.100784 -0.14214 0.130619 
0.100668 -0.0816255 -0.0369306 0.139834 


0.0058158


5 1 1 2
0.312308 

0.401621 

0.279872 

0.30431 

0.280394 


0.00149992

-0.314844 

-0.413609 

-0.276358 

-0.299868 

-0.267718 


0.998173


